 0.083987 -0.044196 -0.040380 -0.064388 -0.012458 -0.017018 -0.052515 -0.017899  0.067822  0.081907 -0.117030  0.060882  0.012487 -0.017090  0.025218 -0.026864  0.001377  0.024894 -0.053076 -0.049138  0.049933  0.037572  0.071861 -0.000097 -0.008275  0.001398 -0.031338 -0.017379 -0.007795  0.039831  0.021013  0.005940 -0.011441 -0.016424  0.018004 -0.050420 -0.011835  0.050366 -0.055040 -0.049829 -0.006525  0.023989  0.039941  0.011998 -0.002023 -0.020311 -0.010347 -0.003310 -0.000960  0.038697 
-0.044196  0.024537  0.021505  0.034291  0.006635  0.009063  0.027967  0.009532 -0.036119 -0.043621  0.062326 -0.032424 -0.006650  0.009102 -0.013430  0.014307 -0.000733 -0.013258  0.028267  0.026169 -0.026593 -0.020009 -0.038271  0.000052  0.004407 -0.000745  0.016690  0.009255  0.004151 -0.021213 -0.011191 -0.003163  0.006093  0.008747 -0.009588  0.026852  0.006303 -0.026823  0.029313  0.026537  0.003475 -0.012776 -0.021271 -0.006390  0.001077  0.010817  0.005511  0.001763  0.000511 -0.020609 
-0.040380  0.021505  0.020648  0.031330  0.006062  0.008281  0.025553  0.008709 -0.033001 -0.039855  0.056945 -0.029624 -0.006076  0.008316 -0.012271  0.013071 -0.000670 -0.012113  0.025826  0.023910 -0.024297 -0.018282 -0.034966  0.000047  0.004026 -0.000680  0.015249  0.008456  0.003793 -0.019381 -0.010225 -0.002890  0.005567  0.007991 -0.008760  0.024533  0.005759 -0.024508  0.026782  0.024246  0.003175 -0.011673 -0.019435 -0.005838  0.000984  0.009883  0.005035  0.001610  0.000467 -0.018829 
-0.064388  0.034291  0.031330  0.050958  0.009666  0.013204  0.040745  0.013887 -0.052622 -0.063550  0.090802 -0.047237 -0.009689  0.013260 -0.019567  0.020843 -0.001069 -0.019315  0.041181  0.038126 -0.038742 -0.029151 -0.055756  0.000075  0.006420 -0.001085  0.024315  0.013484  0.006048 -0.030904 -0.016304 -0.004609  0.008877  0.012743 -0.013969  0.039120  0.009182 -0.039078  0.042705  0.038661  0.005062 -0.018613 -0.030990 -0.009309  0.001569  0.015759  0.008028  0.002568  0.000745 -0.030024 
-0.012458  0.006635  0.006062  0.009666  0.002870  0.002555  0.007884  0.002687 -0.010181 -0.012296  0.017569 -0.009140 -0.001875  0.002566 -0.003786  0.004033 -0.000207 -0.003737  0.007968  0.007377 -0.007496 -0.005640 -0.010788  0.000015  0.001242 -0.000210  0.004705  0.002609  0.001170 -0.005980 -0.003155 -0.000892  0.001718  0.002466 -0.002703  0.007569  0.001777 -0.007561  0.008263  0.007480  0.000980 -0.003601 -0.005996 -0.001801  0.000304  0.003049  0.001553  0.000497  0.000144 -0.005809 
-0.017018  0.009063  0.008281  0.013204  0.002555  0.004490  0.010769  0.003670 -0.013908 -0.016797  0.023999 -0.012485 -0.002561  0.003505 -0.005171  0.005509 -0.000282 -0.005105  0.010884  0.010077 -0.010240 -0.007705 -0.014736  0.000020  0.001697 -0.000287  0.006426  0.003564  0.001599 -0.008168 -0.004309 -0.001218  0.002346  0.003368 -0.003692  0.010339  0.002427 -0.010329  0.011287  0.010218  0.001338 -0.004919 -0.008191 -0.002460  0.000415  0.004165  0.002122  0.000679  0.000197 -0.007935 
-0.052515  0.027967  0.025553  0.040745  0.007884  0.010769  0.034232  0.011326 -0.042918 -0.051832  0.074058 -0.038527 -0.007902  0.010815 -0.015958  0.016999 -0.000871 -0.015753  0.033587  0.031095 -0.031598 -0.023776 -0.045474  0.000061  0.005236 -0.000885  0.019831  0.010998  0.004933 -0.025206 -0.013297 -0.003759  0.007240  0.010393 -0.011393  0.031906  0.007489 -0.031872  0.034830  0.031532  0.004129 -0.015180 -0.025275 -0.007592  0.001280  0.012853  0.006548  0.002094  0.000608 -0.024488 
-0.017899  0.009532  0.008709  0.013887  0.002687  0.003670  0.011326  0.004860 -0.014628 -0.017666  0.025241 -0.013131 -0.002693  0.003686 -0.005439  0.005794 -0.000297 -0.005369  0.011448  0.010598 -0.010770 -0.008104 -0.015499  0.000021  0.001785 -0.000302  0.006759  0.003748  0.001681 -0.008591 -0.004532 -0.001281  0.002468  0.003542 -0.003883  0.010875  0.002553 -0.010863  0.011871  0.010747  0.001407 -0.005174 -0.008615 -0.002588  0.000436  0.004381  0.002232  0.000714  0.000207 -0.008346 
 0.067822 -0.036119 -0.033001 -0.052622 -0.010181 -0.013908 -0.042918 -0.014628  0.056428  0.066940 -0.095644  0.049756  0.010205 -0.013967  0.020610 -0.021954  0.001126  0.020345 -0.043377 -0.040159  0.040809  0.030706  0.058729 -0.000079 -0.006763  0.001143 -0.025612 -0.014203 -0.006371  0.032552  0.017173  0.004855 -0.009350 -0.013422  0.014714 -0.041206 -0.009672  0.041162 -0.044982 -0.040723 -0.005332  0.019605  0.032642  0.009805 -0.001653 -0.016600 -0.008457 -0.002705 -0.000785  0.031625 
 0.081907 -0.043621 -0.039855 -0.063550 -0.012296 -0.016797 -0.051832 -0.017666  0.066940  0.081842 -0.115508  0.060090  0.012325 -0.016868  0.024890 -0.026514  0.001359  0.024570 -0.052386 -0.048499  0.049284  0.037083  0.070926 -0.000096 -0.008167  0.001380 -0.030931 -0.017153 -0.007694  0.039313  0.020740  0.005863 -0.011292 -0.016210  0.017769 -0.049764 -0.011681  0.049711 -0.054325 -0.049181 -0.006440  0.023677  0.039421  0.011842 -0.001996 -0.020047 -0.010213 -0.003267 -0.000948  0.038194 
-0.117030  0.062326  0.056945  0.090802  0.017569  0.023999  0.074058  0.025241 -0.095644 -0.115508  0.166040 -0.085858 -0.017610  0.024101 -0.035564  0.037884 -0.001942 -0.035107  0.074850  0.069296 -0.070418 -0.052985 -0.101341  0.000136  0.011669 -0.001972  0.044194  0.024509  0.010993 -0.056171 -0.029634 -0.008377  0.016134  0.023161 -0.025389  0.071103  0.016690 -0.071028  0.077620  0.070270  0.009201 -0.033830 -0.056326 -0.016920  0.002853  0.028644  0.014592  0.004667  0.001354 -0.054572 
 0.060882 -0.032424 -0.029624 -0.047237 -0.009140 -0.012485 -0.038527 -0.013131  0.049756  0.060090 -0.085858  0.045665  0.009161 -0.012538  0.018501 -0.019708  0.001010  0.018263 -0.038939 -0.036050  0.036633  0.027564  0.052720 -0.000071 -0.006071  0.001026 -0.022991 -0.012750 -0.005719  0.029222  0.015416  0.004358 -0.008393 -0.012049  0.013208 -0.036990 -0.008682  0.036951 -0.040380 -0.036556 -0.004787  0.017599  0.029302  0.008802 -0.001484 -0.014901 -0.007591 -0.002428 -0.000704  0.028389 
 0.012487 -0.006650 -0.006076 -0.009689 -0.001875 -0.002561 -0.007902 -0.002693  0.010205  0.012325 -0.017610  0.009161  0.002879 -0.002572  0.003795 -0.004042  0.000207  0.003746 -0.007987 -0.007394  0.007514  0.005654  0.010813 -0.000015 -0.001245  0.000210 -0.004716 -0.002615 -0.001173  0.005994  0.003162  0.000894 -0.001722 -0.002471  0.002709 -0.007587 -0.001781  0.007579 -0.008282 -0.007498 -0.000982  0.003610  0.006010  0.001805 -0.000304 -0.003056 -0.001557 -0.000498 -0.000144  0.005823 
-0.017090  0.009102  0.008316  0.013260  0.002566  0.003505  0.010815  0.003686 -0.013967 -0.016868  0.024101 -0.012538 -0.002572  0.004519 -0.005193  0.005532 -0.000284 -0.005127  0.010930  0.010119 -0.010283 -0.007737 -0.014799  0.000020  0.001704 -0.000288  0.006454  0.003579  0.001605 -0.008203 -0.004327 -0.001223  0.002356  0.003382 -0.003708  0.010383  0.002437 -0.010372  0.011335  0.010262  0.001344 -0.004940 -0.008225 -0.002471  0.000417  0.004183  0.002131  0.000682  0.000198 -0.007969 
 0.025218 -0.013430 -0.012271 -0.019567 -0.003786 -0.005171 -0.015958 -0.005439  0.020610  0.024890 -0.035564  0.018501  0.003795 -0.005193  0.008664 -0.008163  0.000419  0.007565 -0.016129 -0.014932  0.015174  0.011417  0.021838 -0.000029 -0.002515  0.000425 -0.009523 -0.005281 -0.002369  0.012104  0.006386  0.001805 -0.003477 -0.004991  0.005471 -0.015322 -0.003596  0.015306 -0.016726 -0.015142 -0.001983  0.007290  0.012137  0.003646 -0.000615 -0.006172 -0.003144 -0.001006 -0.000292  0.011759 
-0.026864  0.014307  0.013071  0.020843  0.004033  0.005509  0.016999  0.005794 -0.021954 -0.026514  0.037884 -0.019708 -0.004042  0.005532 -0.008163  0.009696 -0.000446 -0.008058  0.017181  0.015907 -0.016164 -0.012162 -0.023262  0.000031  0.002679 -0.000453  0.010144  0.005626  0.002523 -0.012894 -0.006802 -0.001923  0.003704  0.005316 -0.005828  0.016321  0.003831 -0.016304  0.017817  0.016130  0.002112 -0.007765 -0.012929 -0.003884  0.000655  0.006575  0.003350  0.001071  0.000311 -0.012527 
 0.001377 -0.000733 -0.000670 -0.001069 -0.000207 -0.000282 -0.000871 -0.000297  0.001126  0.001359 -0.001942  0.001010  0.000207 -0.000284  0.000419 -0.000446  0.001023  0.000413 -0.000881 -0.000815  0.000829  0.000624  0.001193 -0.000002 -0.000137  0.000023 -0.000520 -0.000288 -0.000129  0.000661  0.000349  0.000099 -0.000190 -0.000273  0.000299 -0.000837 -0.000196  0.000836 -0.000913 -0.000827 -0.000108  0.000398  0.000663  0.000199 -0.000034 -0.000337 -0.000172 -0.000055 -0.000016  0.000642 
 0.024894 -0.013258 -0.012113 -0.019315 -0.003737 -0.005105 -0.015753 -0.005369  0.020345  0.024570 -0.035107  0.018263  0.003746 -0.005127  0.007565 -0.008058  0.000413  0.008468 -0.015922 -0.014740  0.014979  0.011271  0.021557 -0.000029 -0.002482  0.000419 -0.009401 -0.005213 -0.002338  0.011949  0.006304  0.001782 -0.003432 -0.004927  0.005401 -0.015125 -0.003550  0.015109 -0.016511 -0.014948 -0.001957  0.007196  0.011981  0.003599 -0.000607 -0.006093 -0.003104 -0.000993 -0.000288  0.011608 
-0.053076  0.028267  0.025826  0.041181  0.007968  0.010884  0.033587  0.011448 -0.043377 -0.052386  0.074850 -0.038939 -0.007987  0.010930 -0.016129  0.017181 -0.000881 -0.015922  0.034946  0.031428 -0.031936 -0.024030 -0.045961  0.000062  0.005292 -0.000894  0.020043  0.011115  0.004986 -0.025475 -0.013440 -0.003799  0.007317  0.010504 -0.011515  0.032247  0.007569 -0.032213  0.035203  0.031869  0.004173 -0.015343 -0.025545 -0.007673  0.001294  0.012991  0.006618  0.002117  0.000614 -0.024750 
-0.049138  0.026169  0.023910  0.038126  0.007377  0.010077  0.031095  0.010598 -0.040159 -0.048499  0.069296 -0.036050 -0.007394  0.010119 -0.014932  0.015907 -0.000815 -0.014740  0.031428  0.030096 -0.029567 -0.022247 -0.042551  0.000057  0.004900 -0.000828  0.018556  0.010291  0.004616 -0.023585 -0.012443 -0.003517  0.006774  0.009725 -0.010660  0.029855  0.007008 -0.029823  0.032591  0.029505  0.003863 -0.014204 -0.023650 -0.007104  0.001198  0.012027  0.006127  0.001960  0.000568 -0.022913 
 0.049933 -0.026593 -0.024297 -0.038742 -0.007496 -0.010240 -0.031598 -0.010770  0.040809  0.049284 -0.070418  0.036633  0.007514 -0.010283  0.015174 -0.016164  0.000829  0.014979 -0.031936 -0.029567  0.031045  0.022607  0.043239 -0.000058 -0.004979  0.000841 -0.018856 -0.010457 -0.004690  0.023967  0.012644  0.003574 -0.006884 -0.009882  0.010833 -0.030338 -0.007121  0.030306 -0.033118 -0.029982 -0.003926  0.014434  0.024033  0.007219 -0.001217 -0.012221 -0.006226 -0.001991 -0.000578  0.023284 
 0.037572 -0.020009 -0.018282 -0.029151 -0.005640 -0.007705 -0.023776 -0.008104  0.030706  0.037083 -0.052985  0.027564  0.005654 -0.007737  0.011417 -0.012162  0.000624  0.011271 -0.024030 -0.022247  0.022607  0.018010  0.032535 -0.000044 -0.003746  0.000633 -0.014188 -0.007868 -0.003529  0.018033  0.009514  0.002689 -0.005180 -0.007436  0.008151 -0.022827 -0.005358  0.022803 -0.024919 -0.022560 -0.002954  0.010861  0.018083  0.005432 -0.000916 -0.009196 -0.004685 -0.001498 -0.000435  0.017520 
 0.071861 -0.038271 -0.034966 -0.055756 -0.010788 -0.014736 -0.045474 -0.015499  0.058729  0.070926 -0.101341  0.052720  0.010813 -0.014799  0.021838 -0.023262  0.001193  0.021557 -0.045961 -0.042551  0.043239  0.032535  0.063227 -0.000084 -0.007165  0.001211 -0.027137 -0.015049 -0.006750  0.034491  0.018196  0.005144 -0.009907 -0.014222  0.015590 -0.043660 -0.010248  0.043614 -0.047661 -0.043148 -0.005650  0.020773  0.034586  0.010389 -0.001752 -0.017588 -0.008960 -0.002866 -0.000831  0.033509 
-0.000097  0.000052  0.000047  0.000075  0.000015  0.000020  0.000061  0.000021 -0.000079 -0.000096  0.000136 -0.000071 -0.000015  0.000020 -0.000029  0.000031 -0.000002 -0.000029  0.000062  0.000057 -0.000058 -0.000044 -0.000084  0.001000  0.000010 -0.000002  0.000037  0.000020  0.000009 -0.000046 -0.000025 -0.000007  0.000013  0.000019 -0.000021  0.000059  0.000014 -0.000059  0.000064  0.000058  0.000008 -0.000028 -0.000047 -0.000014  0.000002  0.000024  0.000012  0.000004  0.000001 -0.000045 
-0.008275  0.004407  0.004026  0.006420  0.001242  0.001697  0.005236  0.001785 -0.006763 -0.008167  0.011669 -0.006071 -0.001245  0.001704 -0.002515  0.002679 -0.000137 -0.002482  0.005292  0.004900 -0.004979 -0.003746 -0.007165  0.000010  0.001825 -0.000139  0.003125  0.001733  0.000777 -0.003972 -0.002095 -0.000592  0.001141  0.001638 -0.001795  0.005027  0.001180 -0.005022  0.005488  0.004968  0.000651 -0.002392 -0.003983 -0.001196  0.000202  0.002025  0.001032  0.000330  0.000096 -0.003859 
 0.001398 -0.000745 -0.000680 -0.001085 -0.000210 -0.000287 -0.000885 -0.000302  0.001143  0.001380 -0.001972  0.001026  0.000210 -0.000288  0.000425 -0.000453  0.000023  0.000419 -0.000894 -0.000828  0.000841  0.000633  0.001211 -0.000002 -0.000139  0.001024 -0.000528 -0.000293 -0.000131  0.000671  0.000354  0.000100 -0.000193 -0.000277  0.000303 -0.000850 -0.000199  0.000849 -0.000927 -0.000840 -0.000110  0.000404  0.000673  0.000202 -0.000034 -0.000342 -0.000174 -0.000056 -0.000016  0.000652 
-0.031338  0.016690  0.015249  0.024315  0.004705  0.006426  0.019831  0.006759 -0.025612 -0.030931  0.044194 -0.022991 -0.004716  0.006454 -0.009523  0.010144 -0.000520 -0.009401  0.020043  0.018556 -0.018856 -0.014188 -0.027137  0.000037  0.003125 -0.000528  0.012834  0.006563  0.002944 -0.015041 -0.007935 -0.002243  0.004320  0.006202 -0.006799  0.019040  0.004469 -0.019020  0.020785  0.018817  0.002464 -0.009059 -0.015083 -0.004531  0.000764  0.007670  0.003908  0.001250  0.000363 -0.014613 
-0.017379  0.009255  0.008456  0.013484  0.002609  0.003564  0.010998  0.003748 -0.014203 -0.017153  0.024509 -0.012750 -0.002615  0.003579 -0.005281  0.005626 -0.000288 -0.005213  0.011115  0.010291 -0.010457 -0.007868 -0.015049  0.000020  0.001733 -0.000293  0.006563  0.004640  0.001632 -0.008341 -0.004401 -0.001244  0.002396  0.003439 -0.003770  0.010559  0.002478 -0.010548  0.011527  0.010435  0.001366 -0.005024 -0.008364 -0.002513  0.000424  0.004254  0.002167  0.000693  0.000201 -0.008104 
-0.007795  0.004151  0.003793  0.006048  0.001170  0.001599  0.004933  0.001681 -0.006371 -0.007694  0.010993 -0.005719 -0.001173  0.001605 -0.002369  0.002523 -0.000129 -0.002338  0.004986  0.004616 -0.004690 -0.003529 -0.006750  0.000009  0.000777 -0.000131  0.002944  0.001632  0.001732 -0.003741 -0.001974 -0.000558  0.001075  0.001543 -0.001691  0.004736  0.001112 -0.004731  0.005170  0.004681  0.000613 -0.002253 -0.003752 -0.001127  0.000190  0.001908  0.000972  0.000311  0.000090 -0.003635 
 0.039831 -0.021213 -0.019381 -0.030904 -0.005980 -0.008168 -0.025206 -0.008591  0.032552  0.039313 -0.056171  0.029222  0.005994 -0.008203  0.012104 -0.012894  0.000661  0.011949 -0.025475 -0.023585  0.023967  0.018033  0.034491 -0.000046 -0.003972  0.000671 -0.015041 -0.008341 -0.003741  0.020118  0.010086  0.002851 -0.005491 -0.007883  0.008641 -0.024200 -0.005680  0.024174 -0.026418 -0.023916 -0.003132  0.011514  0.019171  0.005759 -0.000971 -0.009749 -0.004966 -0.001589 -0.000461  0.018573 
 0.021013 -0.011191 -0.010225 -0.016304 -0.003155 -0.004309 -0.013297 -0.004532  0.017173  0.020740 -0.029634  0.015416  0.003162 -0.004327  0.006386 -0.006802  0.000349  0.006304 -0.013440 -0.012443  0.012644  0.009514  0.018196 -0.000025 -0.002095  0.000354 -0.007935 -0.004401 -0.001974  0.010086  0.006321  0.001504 -0.002897 -0.004159  0.004559 -0.012767 -0.002997  0.012753 -0.013937 -0.012617 -0.001652  0.006074  0.010114  0.003038 -0.000512 -0.005143 -0.002620 -0.000838 -0.000243  0.009799 
 0.005940 -0.003163 -0.002890 -0.004609 -0.000892 -0.001218 -0.003759 -0.001281  0.004855  0.005863 -0.008377  0.004358  0.000894 -0.001223  0.001805 -0.001923  0.000099  0.001782 -0.003799 -0.003517  0.003574  0.002689  0.005144 -0.000007 -0.000592  0.000100 -0.002243 -0.001244 -0.000558  0.002851  0.001504  0.001425 -0.000819 -0.001176  0.001289 -0.003609 -0.000847  0.003605 -0.003940 -0.003567 -0.000467  0.001717  0.002859  0.000859 -0.000145 -0.001454 -0.000741 -0.000237 -0.000069  0.002770 
-0.011441  0.006093  0.005567  0.008877  0.001718  0.002346  0.007240  0.002468 -0.009350 -0.011292  0.016134 -0.008393 -0.001722  0.002356 -0.003477  0.003704 -0.000190 -0.003432  0.007317  0.006774 -0.006884 -0.005180 -0.009907  0.000013  0.001141 -0.000193  0.004320  0.002396  0.001075 -0.005491 -0.002897 -0.000819  0.002577  0.002264 -0.002482  0.006951  0.001632 -0.006944  0.007588  0.006870  0.000900 -0.003307 -0.005506 -0.001654  0.000279  0.002800  0.001427  0.000456  0.000132 -0.005335 
-0.016424  0.008747  0.007991  0.012743  0.002466  0.003368  0.010393  0.003542 -0.013422 -0.016210  0.023161 -0.012049 -0.002471  0.003382 -0.004991  0.005316 -0.000273 -0.004927  0.010504  0.009725 -0.009882 -0.007436 -0.014222  0.000019  0.001638 -0.000277  0.006202  0.003439  0.001543 -0.007883 -0.004159 -0.001176  0.002264  0.004250 -0.003563  0.009978  0.002342 -0.009968  0.010893  0.009861  0.001291 -0.004748 -0.007905 -0.002374  0.000400  0.004020  0.002048  0.000655  0.000190 -0.007658 
 0.018004 -0.009588 -0.008760 -0.013969 -0.002703 -0.003692 -0.011393 -0.003883  0.014714  0.017769 -0.025389  0.013208  0.002709 -0.003708  0.005471 -0.005828  0.000299  0.005401 -0.011515 -0.010660  0.010833  0.008151  0.015590 -0.000021 -0.001795  0.000303 -0.006799 -0.003770 -0.001691  0.008641  0.004559  0.001289 -0.002482 -0.003563  0.004906 -0.010938 -0.002567  0.010927 -0.011941 -0.010810 -0.001416  0.005204  0.008665  0.002603 -0.000439 -0.004406 -0.002245 -0.000718 -0.000208  0.008395 
-0.050420  0.026852  0.024533  0.039120  0.007569  0.010339  0.031906  0.010875 -0.041206 -0.049764  0.071103 -0.036990 -0.007587  0.010383 -0.015322  0.016321 -0.000837 -0.015125  0.032247  0.029855 -0.030338 -0.022827 -0.043660  0.000059  0.005027 -0.000850  0.019040  0.010559  0.004736 -0.024200 -0.012767 -0.003609  0.006951  0.009978 -0.010938  0.031633  0.007190 -0.030601  0.033441  0.030274  0.003964 -0.014575 -0.024267 -0.007289  0.001229  0.012340  0.006287  0.002011  0.000583 -0.023511 
-0.011835  0.006303  0.005759  0.009182  0.001777  0.002427  0.007489  0.002553 -0.009672 -0.011681  0.016690 -0.008682 -0.001781  0.002437 -0.003596  0.003831 -0.000196 -0.003550  0.007569  0.007008 -0.007121 -0.005358 -0.010248  0.000014  0.001180 -0.000199  0.004469  0.002478  0.001112 -0.005680 -0.002997 -0.000847  0.001632  0.002342 -0.002567  0.007190  0.002688 -0.007183  0.007849  0.007106  0.000931 -0.003421 -0.005696 -0.001711  0.000288  0.002897  0.001476  0.000472  0.000137 -0.005519 
 0.050366 -0.026823 -0.024508 -0.039078 -0.007561 -0.010329 -0.031872 -0.010863  0.041162  0.049711 -0.071028  0.036951  0.007579 -0.010372  0.015306 -0.016304  0.000836  0.015109 -0.032213 -0.029823  0.030306  0.022803  0.043614 -0.000059 -0.005022  0.000849 -0.019020 -0.010548 -0.004731  0.024174  0.012753  0.003605 -0.006944 -0.009968  0.010927 -0.030601 -0.007183  0.031568 -0.033405 -0.030242 -0.003960  0.014559  0.024241  0.007282 -0.001228 -0.012327 -0.006280 -0.002009 -0.000583  0.023486 
-0.055040  0.029313  0.026782  0.042705  0.008263  0.011287  0.034830  0.011871 -0.044982 -0.054325  0.077620 -0.040380 -0.008282  0.011335 -0.016726  0.017817 -0.000913 -0.016511  0.035203  0.032591 -0.033118 -0.024919 -0.047661  0.000064  0.005488 -0.000927  0.020785  0.011527  0.005170 -0.026418 -0.013937 -0.003940  0.007588  0.010893 -0.011941  0.033441  0.007849 -0.033405  0.037505  0.033049  0.004328 -0.015911 -0.026491 -0.007957  0.001342  0.013471  0.006863  0.002195  0.000637 -0.025665 
-0.049829  0.026537  0.024246  0.038661  0.007480  0.010218  0.031532  0.010747 -0.040723 -0.049181  0.070270 -0.036556 -0.007498  0.010262 -0.015142  0.016130 -0.000827 -0.014948  0.031869  0.029505 -0.029982 -0.022560 -0.043148  0.000058  0.004968 -0.000840  0.018817  0.010435  0.004681 -0.023916 -0.012617 -0.003567  0.006870  0.009861 -0.010810  0.030274  0.007106 -0.030242  0.033049  0.030919  0.003918 -0.014404 -0.023982 -0.007204  0.001215  0.012196  0.006213  0.001987  0.000576 -0.023235 
-0.006525  0.003475  0.003175  0.005062  0.000980  0.001338  0.004129  0.001407 -0.005332 -0.006440  0.009201 -0.004787 -0.000982  0.001344 -0.001983  0.002112 -0.000108 -0.001957  0.004173  0.003863 -0.003926 -0.002954 -0.005650  0.000008  0.000651 -0.000110  0.002464  0.001366  0.000613 -0.003132 -0.001652 -0.000467  0.000900  0.001291 -0.001416  0.003964  0.000931 -0.003960  0.004328  0.003918  0.001513 -0.001886 -0.003140 -0.000943  0.000159  0.001597  0.000814  0.000260  0.000075 -0.003043 
 0.023989 -0.012776 -0.011673 -0.018613 -0.003601 -0.004919 -0.015180 -0.005174  0.019605  0.023677 -0.033830  0.017599  0.003610 -0.004940  0.007290 -0.007765  0.000398  0.007196 -0.015343 -0.014204  0.014434  0.010861  0.020773 -0.000028 -0.002392  0.000404 -0.009059 -0.005024 -0.002253  0.011514  0.006074  0.001717 -0.003307 -0.004748  0.005204 -0.014575 -0.003421  0.014559 -0.015911 -0.014404 -0.001886  0.007934  0.011546  0.003468 -0.000585 -0.005871 -0.002991 -0.000957 -0.000278  0.011186 
 0.039941 -0.021271 -0.019435 -0.030990 -0.005996 -0.008191 -0.025275 -0.008615  0.032642  0.039421 -0.056326  0.029302  0.006010 -0.008225  0.012137 -0.012929  0.000663  0.011981 -0.025545 -0.023650  0.024033  0.018083  0.034586 -0.000047 -0.003983  0.000673 -0.015083 -0.008364 -0.003752  0.019171  0.010114  0.002859 -0.005506 -0.007905  0.008665 -0.024267 -0.005696  0.024241 -0.026491 -0.023982 -0.003140  0.011546  0.020223  0.005774 -0.000974 -0.009776 -0.004980 -0.001593 -0.000462  0.018625 
 0.011998 -0.006390 -0.005838 -0.009309 -0.001801 -0.002460 -0.007592 -0.002588  0.009805  0.011842 -0.016920  0.008802  0.001805 -0.002471  0.003646 -0.003884  0.000199  0.003599 -0.007673 -0.007104  0.007219  0.005432  0.010389 -0.000014 -0.001196  0.000202 -0.004531 -0.002513 -0.001127  0.005759  0.003038  0.000859 -0.001654 -0.002374  0.002603 -0.007289 -0.001711  0.007282 -0.007957 -0.007204 -0.000943  0.003468  0.005774  0.002735 -0.000292 -0.002937 -0.001496 -0.000479 -0.000139  0.005595 
-0.002023  0.001077  0.000984  0.001569  0.000304  0.000415  0.001280  0.000436 -0.001653 -0.001996  0.002853 -0.001484 -0.000304  0.000417 -0.000615  0.000655 -0.000034 -0.000607  0.001294  0.001198 -0.001217 -0.000916 -0.001752  0.000002  0.000202 -0.000034  0.000764  0.000424  0.000190 -0.000971 -0.000512 -0.000145  0.000279  0.000400 -0.000439  0.001229  0.000288 -0.001228  0.001342  0.001215  0.000159 -0.000585 -0.000974 -0.000292  0.001049  0.000495  0.000252  0.000081  0.000023 -0.000943 
-0.020311  0.010817  0.009883  0.015759  0.003049  0.004165  0.012853  0.004381 -0.016600 -0.020047  0.028644 -0.014901 -0.003056  0.004183 -0.006172  0.006575 -0.000337 -0.006093  0.012991  0.012027 -0.012221 -0.009196 -0.017588  0.000024  0.002025 -0.000342  0.007670  0.004254  0.001908 -0.009749 -0.005143 -0.001454  0.002800  0.004020 -0.004406  0.012340  0.002897 -0.012327  0.013471  0.012196  0.001597 -0.005871 -0.009776 -0.002937  0.000495  0.005971  0.002533  0.000810  0.000235 -0.009471 
-0.010347  0.005511  0.005035  0.008028  0.001553  0.002122  0.006548  0.002232 -0.008457 -0.010213  0.014592 -0.007591 -0.001557  0.002131 -0.003144  0.003350 -0.000172 -0.003104  0.006618  0.006127 -0.006226 -0.004685 -0.008960  0.000012  0.001032 -0.000174  0.003908  0.002167  0.000972 -0.004966 -0.002620 -0.000741  0.001427  0.002048 -0.002245  0.006287  0.001476 -0.006280  0.006863  0.006213  0.000814 -0.002991 -0.004980 -0.001496  0.000252  0.002533  0.002290  0.000413  0.000120 -0.004825 
-0.003310  0.001763  0.001610  0.002568  0.000497  0.000679  0.002094  0.000714 -0.002705 -0.003267  0.004667 -0.002428 -0.000498  0.000682 -0.001006  0.001071 -0.000055 -0.000993  0.002117  0.001960 -0.001991 -0.001498 -0.002866  0.000004  0.000330 -0.000056  0.001250  0.000693  0.000311 -0.001589 -0.000838 -0.000237  0.000456  0.000655 -0.000718  0.002011  0.000472 -0.002009  0.002195  0.001987  0.000260 -0.000957 -0.001593 -0.000479  0.000081  0.000810  0.000413  0.001132  0.000038 -0.001543 
-0.000960  0.000511  0.000467  0.000745  0.000144  0.000197  0.000608  0.000207 -0.000785 -0.000948  0.001354 -0.000704 -0.000144  0.000198 -0.000292  0.000311 -0.000016 -0.000288  0.000614  0.000568 -0.000578 -0.000435 -0.000831  0.000001  0.000096 -0.000016  0.000363  0.000201  0.000090 -0.000461 -0.000243 -0.000069  0.000132  0.000190 -0.000208  0.000583  0.000137 -0.000583  0.000637  0.000576  0.000075 -0.000278 -0.000462 -0.000139  0.000023  0.000235  0.000120  0.000038  0.001011 -0.000448 
 0.038697 -0.020609 -0.018829 -0.030024 -0.005809 -0.007935 -0.024488 -0.008346  0.031625  0.038194 -0.054572  0.028389  0.005823 -0.007969  0.011759 -0.012527  0.000642  0.011608 -0.024750 -0.022913  0.023284  0.017520  0.033509 -0.000045 -0.003859  0.000652 -0.014613 -0.008104 -0.003635  0.018573  0.009799  0.002770 -0.005335 -0.007658  0.008395 -0.023511 -0.005519  0.023486 -0.025665 -0.023235 -0.003043  0.011186  0.018625  0.005595 -0.000943 -0.009471 -0.004825 -0.001543 -0.000448  0.019044 
