 0.540461 -0.020751  0.015726  0.011235  0.057827  0.046941  0.037938 -0.013421 -0.005651 -0.041171 -0.047235 -0.023842 -0.026587  0.039293  0.054202 -0.042196 -0.051159 -0.033769 -0.045980 -0.069709 -0.083047 -0.005918 -0.033334  0.026577 -0.048471 -0.003110 -0.006876 -0.017935  0.030168 -0.016986 -0.035026  0.016039  0.001682  0.032837  0.047729 -0.022667 -0.050450 -0.045264  0.001817  0.007778  0.055879  0.007734 -0.056988  0.013473  0.033714 -0.054907  0.008523  0.022057  0.042347 -0.093000 
-0.020751  0.379669  0.030479  0.024187  0.031107  0.047356 -0.000011  0.054394  0.046408  0.039034 -0.003906  0.015494  0.007112  0.008785  0.011901 -0.041289  0.014585 -0.017086  0.017471  0.032352  0.053459 -0.056267 -0.017536  0.028299 -0.004985  0.032716 -0.014070  0.011753  0.016769  0.068577  0.018099 -0.010735 -0.076658 -0.025814  0.048009 -0.009578 -0.019955  0.034585 -0.008577  0.049399 -0.050064 -0.014998 -0.072205 -0.069970  0.030392 -0.039882 -0.000268  0.115962 -0.031146  0.037903 
 0.015726  0.030479  0.570329  0.007903  0.039246  0.014867  0.028386 -0.006282 -0.003664  0.012294 -0.022773 -0.063763  0.005808  0.037495  0.037854 -0.017748  0.005667  0.041415 -0.019628  0.077569  0.059714 -0.057742 -0.091874  0.007275 -0.009708  0.039695 -0.007757 -0.042247  0.045085  0.034105  0.024596 -0.020708 -0.040180 -0.045547 -0.010662  0.009204 -0.010095  0.045353  0.011890  0.006025 -0.013222  0.069957  0.031472 -0.035540 -0.025141 -0.002594  0.041314 -0.054084  0.041991  0.034609 
 0.011235  0.024187  0.007903  0.543133  0.071613 -0.003092  0.006858 -0.000370 -0.027940  0.017890  0.072951  0.023675  0.007235 -0.042108  0.030731  0.008428  0.024378  0.149189  0.025347 -0.022098  0.066321  0.085075 -0.031688  0.049499 -0.030575 -0.039550  0.045765 -0.049740  0.029586  0.008992  0.033870  0.029211 -0.045263  0.060389  0.048393  0.045403  0.007480 -0.071732 -0.038558  0.052839 -0.013452  0.008839  0.015283  0.027459 -0.005181 -0.031317  0.005681 -0.024831  0.026005 -0.070552 
 0.057827  0.031107  0.039246  0.071613  0.464054 -0.062289 -0.019772  0.015145  0.012592 -0.014708  0.022095  0.013153  0.004710  0.009135 -0.033162 -0.001404  0.056845  0.103089 -0.021776 -0.019333  0.041698 -0.012392  0.011301  0.001781  0.053086  0.113705 -0.012817 -0.061175 -0.008447  0.006194 -0.010494  0.020535 -0.052004 -0.020414  0.010751  0.031840  0.016397  0.056807 -0.037609 -0.025655  0.017724 -0.013867 -0.065582  0.003420 -0.040474  0.048484 -0.014044  0.019327 -0.008699  0.016046 
 0.046941  0.047356  0.014867 -0.003092 -0.062289  0.552070  0.022905  0.014582 -0.075969 -0.045389 -0.078622  0.032397 -0.042112 -0.011850  0.055509  0.006141  0.051920  0.028301  0.021761  0.018274 -0.013089  0.007045 -0.017525  0.011276 -0.041126 -0.055488  0.022907  0.066769  0.047608 -0.060607  0.007216 -0.053875  0.024198  0.058574  0.080809  0.006174  0.005113 -0.078058 -0.021978  0.057714  0.043635  0.000556  0.013019 -0.090914 -0.037939  0.013196 -0.036259 -0.027281  0.040230 -0.002299 
 0.037938 -0.000011  0.028386  0.006858 -0.019772  0.022905  0.450184 -0.072128 -0.037069 -0.065215 -0.055997  0.032874 -0.002442 -0.037868  0.016907  0.025392  0.020201 -0.041529 -0.036975 -0.032848 -0.063936  0.026836 -0.013239  0.015407  0.013222 -0.008241 -0.012778 -0.026526 -0.023308 -0.021916 -0.023173  0.098166  0.068540  0.044023  0.067652 -0.066214 -0.034732  0.042434  0.046389  0.006381  0.067115  0.016198  0.032383 -0.022010  0.011403 -0.096814  0.004350 -0.029480 -0.081277  0.015134 
-0.013421  0.054394 -0.006282 -0.000370  0.015145  0.014582 -0.072128  0.521953  0.015044 -0.053308  0.027757  0.016055  0.044362 -0.066909 -0.013967  0.043981 -0.039278 -0.021334 -0.045689  0.015266  0.042282  0.016757 -0.025135 -0.009817  0.045096 -0.045618 -0.015393 -0.046615 -0.042775  0.088406  0.014369  0.058874 -0.008557 -0.047925  0.028844  0.062611  0.006462  0.031217  0.059116  0.035408  0.047031  0.011277 -0.033133 -0.009161  0.008597 -0.031943  0.042180  0.015775  0.046973 -0.050254 
-0.005651  0.046408 -0.003664 -0.027940  0.012592 -0.075969 -0.037069  0.015044  0.409219  0.002741  0.077218  0.019497  0.015006  0.043052 -0.006887  0.063415 -0.039413  0.014906  0.054862  0.060297  0.010467  0.016173 -0.069055  0.015829 -0.029631  0.021786 -0.055718 -0.055358 -0.050547 -0.003594 -0.045406  0.019449 -0.057927  0.031422 -0.020280 -0.017147 -0.007889 -0.032726 -0.001318 -0.005472 -0.063850  0.040604  0.010859  0.020273  0.038075 -0.005758  0.022828  0.033621 -0.061035  0.016038 
-0.041171  0.039034  0.012294  0.017890 -0.014708 -0.045389 -0.065215 -0.053308  0.002741  0.429340  0.010996 -0.035511 -0.003906  0.030048 -0.004031 -0.052751  0.068415 -0.010846  0.039128  0.036669  0.013471 -0.038852 -0.061499 -0.052615 -0.115691 -0.064658  0.018376  0.015557 -0.041667  0.032709  0.004067 -0.103872 -0.017473 -0.003927  0.019433  0.009234  0.084882  0.054299 -0.027457  0.034143 -0.006973  0.014724 -0.041788  0.054826 -0.001312  0.068386 -0.030711  0.001335  0.099042  0.040811 
-0.047235 -0.003906 -0.022773  0.072951  0.022095 -0.078622 -0.055997  0.027757  0.077218  0.010996  0.568330 -0.024647 -0.007975  0.019717  0.003664  0.085693 -0.071902  0.055946 -0.006969 -0.021789  0.036170  0.023039  0.030781  0.006331  0.008861 -0.001510  0.036826 -0.014516 -0.052354  0.031028 -0.043397 -0.049685  0.010458 -0.014939  0.024612 -0.028330 -0.060674  0.008373 -0.073644  0.047081  0.047142  0.058494  0.076541 -0.010137 -0.023760 -0.029417 -0.025462 -0.005314 -0.054470 -0.062737 
-0.023842  0.015494 -0.063763  0.023675  0.013153  0.032397  0.032874  0.016055  0.019497 -0.035511 -0.024647  0.590726  0.005324  0.057217  0.026622  0.011522  0.051698  0.042480  0.050380 -0.024851  0.019798  0.009454  0.034673 -0.069995  0.020480  0.018369  0.010020 -0.058655 -0.039607  0.039060  0.006380  0.009905 -0.026994  0.072515 -0.041422 -0.018991  0.036653  0.078587  0.099209  0.034251 -0.053824  0.043108  0.019671  0.055765 -0.009995 -0.082015 -0.069163 -0.020363  0.053203 -0.077507 
-0.026587  0.007112  0.005808  0.007235  0.004710 -0.042112 -0.002442  0.044362  0.015006 -0.003906 -0.007975  0.005324  0.616343  0.099578  0.017673 -0.033112  0.052875  0.025412  0.013767 -0.056597 -0.090193  0.013583 -0.091997  0.061663  0.054253  0.014800  0.046562 -0.049161  0.094232 -0.056587 -0.008793 -0.056879  0.018548  0.012303 -0.004339  0.022793 -0.019562  0.018027  0.076877  0.001722  0.020812 -0.052108  0.051662 -0.002191 -0.007027 -0.008245 -0.040417 -0.019699 -0.053967  0.056146 
 0.039293  0.008785  0.037495 -0.042108  0.009135 -0.011850 -0.037868 -0.066909  0.043052  0.030048  0.019717  0.057217  0.099578  0.462779  0.056721 -0.064548 -0.010242  0.071569 -0.020872 -0.044598 -0.012202  0.000799 -0.028252 -0.051544  0.024680 -0.019471  0.003161 -0.024635  0.015164  0.011915  0.016350 -0.014079 -0.031021 -0.057168  0.044737 -0.085428 -0.029944  0.014340  0.010462 -0.073126 -0.052080 -0.030939  0.000570  0.004985  0.076797  0.116281 -0.070921 -0.012117 -0.007448 -0.037792 
 0.054202  0.011901  0.037854  0.030731 -0.033162  0.055509  0.016907 -0.013967 -0.006887 -0.004031  0.003664  0.026622  0.017673  0.056721  0.387636 -0.022060 -0.016147  0.016197  0.067675  0.037976  0.050735  0.051360  0.027912  0.075256  0.052151  0.046129 -0.001706  0.041357  0.000210  0.015687 -0.037287 -0.003602 -0.020641  0.011413  0.028535  0.072396  0.000807 -0.025260  0.012047  0.017180 -0.077369  0.004833  0.028628 -0.071384 -0.027221 -0.012096  0.036634  0.010106 -0.052746  0.018928 
-0.042196 -0.041289 -0.017748  0.008428 -0.001404  0.006141  0.025392  0.043981  0.063415 -0.052751  0.085693  0.011522 -0.033112 -0.064548 -0.022060  0.613780  0.018209  0.061126 -0.023647 -0.005909 -0.019486 -0.052428 -0.075518 -0.015599 -0.059697  0.000752  0.001178 -0.040858  0.001145 -0.023109 -0.027880  0.029345  0.002690 -0.012346 -0.005773 -0.020656 -0.001997 -0.030096 -0.055468 -0.006351  0.034583  0.023456  0.053870 -0.011589  0.077035  0.027428 -0.038458 -0.041784 -0.039576 -0.017443 
-0.051159  0.014585  0.005667  0.024378  0.056845  0.051920  0.020201 -0.039278 -0.039413  0.068415 -0.071902  0.051698  0.052875 -0.010242 -0.016147  0.018209  0.422323  0.060437  0.035757 -0.033986 -0.027191 -0.081822  0.008560  0.000275  0.025751  0.029103  0.046725  0.062278 -0.070338  0.023338 -0.021317 -0.000499  0.017539  0.008936 -0.017882 -0.011934  0.062645 -0.022642 -0.049501  0.021841 -0.013269 -0.016566 -0.021944 -0.056414 -0.032637  0.030874  0.007898 -0.032340  0.011840  0.021035 
-0.033769 -0.017086  0.041415  0.149189  0.103089  0.028301 -0.041529 -0.021334  0.014906 -0.010846  0.055946  0.042480  0.025412  0.071569  0.016197  0.061126  0.060437  0.450424  0.053206  0.046835  0.016600 -0.002137  0.094187 -0.047643  0.014267 -0.063943 -0.110271  0.055518  0.023587  0.054704 -0.071020  0.009836 -0.022614 -0.031533 -0.017121  0.004900  0.061440  0.003218  0.042420 -0.010427  0.088174 -0.029363  0.022601 -0.007359  0.004518 -0.021332 -0.043062 -0.063590 -0.060808 -0.033856 
-0.045980  0.017471 -0.019628  0.025347 -0.021776  0.021761 -0.036975 -0.045689  0.054862  0.039128 -0.006969  0.050380  0.013767 -0.020872  0.067675 -0.023647  0.035757  0.053206  0.537466 -0.015589 -0.016054 -0.028158  0.013978  0.022354 -0.012116 -0.024036 -0.017831  0.032897 -0.015222  0.011117  0.031695  0.076727  0.026368 -0.015157  0.001449 -0.043914 -0.024228  0.101406 -0.069586  0.030238 -0.023084  0.037045  0.033397 -0.056276  0.030158 -0.030488  0.012762 -0.086916 -0.004206  0.023722 
-0.069709  0.032352  0.077569 -0.022098 -0.019333  0.018274 -0.032848  0.015266  0.060297  0.036669 -0.021789 -0.024851 -0.056597 -0.044598  0.037976 -0.005909 -0.033986  0.046835 -0.015589  0.555732  0.015028  0.014537 -0.018458 -0.146404 -0.001352  0.066779 -0.000971 -0.003601 -0.085324 -0.022989 -0.008133  0.086968  0.044613  0.046023 -0.022391 -0.039779  0.012999 -0.014482  0.010694  0.041294  0.044509  0.030392  0.049044 -0.037794  0.100389 -0.054137  0.001066 -0.001192  0.047725 -0.024137 
-0.083047  0.053459  0.059714  0.066321  0.041698 -0.013089 -0.063936  0.042282  0.010467  0.013471  0.036170  0.019798 -0.090193 -0.012202  0.050735 -0.019486 -0.027191  0.016600 -0.016054  0.015028  0.588169  0.100843 -0.058535  0.055911 -0.032396  0.071785  0.003234 -0.009177  0.020266  0.050104  0.043651 -0.046759  0.034034 -0.019411 -0.022313 -0.062687  0.052915  0.040820  0.039888  0.072971  0.008330 -0.025904  0.035518 -0.065899  0.019453 -0.022220  0.034493 -0.020846  0.024980 -0.011822 
-0.005918 -0.056267 -0.057742  0.085075 -0.012392  0.007045  0.026836  0.016757  0.016173 -0.038852  0.023039  0.009454  0.013583  0.000799  0.051360 -0.052428 -0.081822 -0.002137 -0.028158  0.014537  0.100843  0.478788  0.038924 -0.007134 -0.021562  0.043072 -0.027936 -0.021597  0.013703 -0.044844 -0.023868  0.035095  0.055434  0.015912 -0.053287 -0.037001  0.053839  0.066870  0.018887  0.031687 -0.074953 -0.017502  0.056839 -0.002086 -0.092189  0.010091  0.036223  0.069652  0.026049  0.025755 
-0.033334 -0.017536 -0.091874 -0.031688  0.011301 -0.017525 -0.013239 -0.025135 -0.069055 -0.061499  0.030781  0.034673 -0.091997 -0.028252  0.027912 -0.075518  0.008560  0.094187  0.013978 -0.018458 -0.058535  0.038924  0.455753 -0.043780 -0.005307 -0.022703  0.026074 -0.026335  0.000301  0.040312  0.068238  0.013993 -0.059965  0.006382  0.003412 -0.077686 -0.020115  0.016825 -0.005130 -0.031453 -0.035672 -0.018025 -0.031485 -0.007996 -0.067426 -0.010591  0.007060  0.002426  0.002787 -0.000990 
 0.026577  0.028299  0.007275  0.049499  0.001781  0.011276  0.015407 -0.009817  0.015829 -0.052615  0.006331 -0.069995  0.061663 -0.051544  0.075256 -0.015599  0.000275 -0.047643  0.022354 -0.146404  0.055911 -0.007134 -0.043780  0.522272  0.022402 -0.028821 -0.049397  0.005426 -0.004382 -0.030982 -0.014023  0.037452 -0.018560  0.041060  0.027452  0.009198  0.007542  0.014502 -0.011786  0.016291  0.028171 -0.071457 -0.001573  0.043981 -0.036985  0.005839  0.005624 -0.008530  0.020607  0.003200 
-0.048471 -0.004985 -0.009708 -0.030575  0.053086 -0.041126  0.013222  0.045096 -0.029631 -0.115691  0.008861  0.020480  0.054253  0.024680  0.052151 -0.059697  0.025751  0.014267 -0.012116 -0.001352 -0.032396 -0.021562 -0.005307  0.022402  0.482677 -0.009778  0.074853 -0.021906  0.000402  0.017640  0.083880  0.101513  0.019592  0.081137 -0.032388  0.029047  0.057549  0.012205 -0.095715  0.023398 -0.061521  0.069727 -0.043186  0.004727  0.032017  0.012508  0.033242 -0.022081  0.054993  0.047101 
-0.003110  0.032716  0.039695 -0.039550  0.113705 -0.055488 -0.008241 -0.045618  0.021786 -0.064658 -0.001510  0.018369  0.014800 -0.019471  0.046129  0.000752  0.029103 -0.063943 -0.024036  0.066779  0.071785  0.043072 -0.022703 -0.028821 -0.009778  0.437436  0.018832 -0.050117  0.059641 -0.020688  0.001806 -0.032626  0.040941  0.063352  0.049365  0.039776  0.025241 -0.025137 -0.017706  0.020162 -0.052171  0.004652 -0.002996 -0.057940 -0.006250 -0.023915 -0.016271  0.013469 -0.060676 -0.004122 
-0.006876 -0.014070 -0.007757  0.045765 -0.012817  0.022907 -0.012778 -0.015393 -0.055718  0.018376  0.036826  0.010020  0.046562  0.003161 -0.001706  0.001178  0.046725 -0.110271 -0.017831 -0.000971  0.003234 -0.027936  0.026074 -0.049397  0.074853  0.018832  0.525133 -0.041218 -0.008086 -0.039627  0.025689 -0.029746  0.008790 -0.026228  0.007091  0.011888 -0.053508  0.025327  0.024723  0.051607  0.028109  0.022331 -0.044736 -0.027297 -0.002026  0.011788 -0.024944  0.016308  0.003164 -0.077834 
-0.017935  0.011753 -0.042247 -0.049740 -0.061175  0.066769 -0.026526 -0.046615 -0.055358  0.015557 -0.014516 -0.058655 -0.049161 -0.024635  0.041357 -0.040858  0.062278  0.055518  0.032897 -0.003601 -0.009177 -0.021597 -0.026335  0.005426 -0.021906 -0.050117 -0.041218  0.449262  0.020966  0.000955 -0.010244 -0.009371  0.006631  0.001953  0.029967  0.023835  0.016437  0.043995  0.048728  0.003142 -0.050480  0.064517 -0.052447  0.015180  0.015022  0.024546 -0.029237 -0.019476 -0.031642 -0.014096 
 0.030168  0.016769  0.045085  0.029586 -0.008447  0.047608 -0.023308 -0.042775 -0.050547 -0.041667 -0.052354 -0.039607  0.094232  0.015164  0.000210  0.001145 -0.070338  0.023587 -0.015222 -0.085324  0.020266  0.013703  0.000301 -0.004382  0.000402  0.059641 -0.008086  0.020966  0.486172 -0.015413 -0.031367 -0.048153 -0.047719  0.043708 -0.022987  0.025569  0.014097 -0.036750 -0.006346  0.003127 -0.062414 -0.031378 -0.002741 -0.006739 -0.054680  0.038429 -0.030228 -0.024139  0.042216 -0.002251 
-0.016986  0.068577  0.034105  0.008992  0.006194 -0.060607 -0.021916  0.088406 -0.003594  0.032709  0.031028  0.039060 -0.056587  0.011915  0.015687 -0.023109  0.023338  0.054704  0.011117 -0.022989  0.050104 -0.044844  0.040312 -0.030982  0.017640 -0.020688 -0.039627  0.000955 -0.015413  0.400471  0.005993  0.037487 -0.000146 -0.027183  0.045412  0.007550 -0.018333 -0.038809  0.045621  0.008533 -0.033195 -0.029805 -0.001388 -0.067835 -0.039986  0.092729 -0.060098  0.027601  0.000085  0.014466 
-0.035026  0.018099  0.024596  0.033870 -0.010494  0.007216 -0.023173  0.014369 -0.045406  0.004067 -0.043397  0.006380 -0.008793  0.016350 -0.037287 -0.027880 -0.021317 -0.071020  0.031695 -0.008133  0.043651 -0.023868  0.068238 -0.014023  0.083880  0.001806  0.025689 -0.010244 -0.031367  0.005993  0.503072  0.047510 -0.018683 -0.067052  0.022483 -0.049126  0.029370  0.028878 -0.052647 -0.052902  0.026839  0.042757 -0.027526  0.056795  0.008039  0.011125 -0.000507 -0.099892 -0.040920 -0.060825 
 0.016039 -0.010735 -0.020708  0.029211  0.020535 -0.053875  0.098166  0.058874  0.019449 -0.103872 -0.049685  0.009905 -0.056879 -0.014079 -0.003602  0.029345 -0.000499  0.009836  0.076727  0.086968 -0.046759  0.035095  0.013993  0.037452  0.101513 -0.032626 -0.029746 -0.009371 -0.048153  0.037487  0.047510  0.430140 -0.002800  0.049308  0.007874 -0.043225 -0.039011  0.003684  0.077302 -0.045349 -0.012327 -0.044572  0.048887 -0.065321  0.081303  0.032269 -0.047363 -0.005655  0.010297  0.049219 
 0.001682 -0.076658 -0.040180 -0.045263 -0.052004  0.024198  0.068540 -0.008557 -0.057927 -0.017473  0.010458 -0.026994  0.018548 -0.031021 -0.020641  0.002690  0.017539 -0.022614  0.026368  0.044613  0.034034  0.055434 -0.059965 -0.018560  0.019592  0.040941  0.008790  0.006631 -0.047719 -0.000146 -0.018683 -0.002800  0.521784 -0.004063 -0.003021 -0.015123  0.035230  0.044060  0.051235 -0.008360  0.032550 -0.007482  0.038270 -0.017283  0.058213 -0.058234 -0.005544  0.062813  0.054485 -0.102283 
 0.032837 -0.025814 -0.045547  0.060389 -0.020414  0.058574  0.044023 -0.047925  0.031422 -0.003927 -0.014939  0.072515  0.012303 -0.057168  0.011413 -0.012346  0.008936 -0.031533 -0.015157  0.046023 -0.019411  0.015912  0.006382  0.041060  0.081137  0.063352 -0.026228  0.001953  0.043708 -0.027183 -0.067052  0.049308 -0.004063  0.569670  0.005591  0.022876 -0.000481  0.031344 -0.004045 -0.010355 -0.008162  0.011889  0.022313 -0.000051 -0.038272 -0.025781 -0.065115  0.029044  0.057413  0.054030 
 0.047729  0.048009 -0.010662  0.048393  0.010751  0.080809  0.067652  0.028844 -0.020280  0.019433  0.024612 -0.041422 -0.004339  0.044737  0.028535 -0.005773 -0.017882 -0.017121  0.001449 -0.022391 -0.022313 -0.053287  0.003412  0.027452 -0.032388  0.049365  0.007091  0.029967 -0.022987  0.045412  0.022483  0.007874 -0.003021  0.005591  0.581293  0.013935  0.055054 -0.030964 -0.020783  0.011059  0.046906 -0.014359  0.007562 -0.059470  0.072028 -0.019444 -0.059375  0.055047 -0.023055 -0.000082 
-0.022667 -0.009578  0.009204  0.045403  0.031840  0.006174 -0.066214  0.062611 -0.017147  0.009234 -0.028330 -0.018991  0.022793 -0.085428  0.072396 -0.020656 -0.011934  0.004900 -0.043914 -0.039779 -0.062687 -0.037001 -0.077686  0.009198  0.029047  0.039776  0.011888  0.023835  0.025569  0.007550 -0.049126 -0.043225 -0.015123  0.022876  0.013935  0.563128 -0.044542 -0.033415  0.017668 -0.041558 -0.014906  0.044562  0.032895 -0.005965  0.037160  0.008742  0.036199 -0.066267 -0.003181  0.006215 
-0.050450 -0.019955 -0.010095  0.007480  0.016397  0.005113 -0.034732  0.006462 -0.007889  0.084882 -0.060674  0.036653 -0.019562 -0.029944  0.000807 -0.001997  0.062645  0.061440 -0.024228  0.012999  0.052915  0.053839 -0.020115  0.007542  0.057549  0.025241 -0.053508  0.016437  0.014097 -0.018333  0.029370 -0.039011  0.035230 -0.000481  0.055054 -0.044542  0.461128 -0.048932  0.012900  0.066838 -0.017293 -0.020907  0.022589 -0.048431 -0.011764 -0.010880  0.050834  0.025341 -0.030320 -0.080525 
-0.045264  0.034585  0.045353 -0.071732  0.056807 -0.078058  0.042434  0.031217 -0.032726  0.054299  0.008373  0.078587  0.018027  0.014340 -0.025260 -0.030096 -0.022642  0.003218  0.101406 -0.014482  0.040820  0.066870  0.016825  0.014502  0.012205 -0.025137  0.025327  0.043995 -0.036750 -0.038809  0.028878  0.003684  0.044060  0.031344 -0.030964 -0.033415 -0.048932  0.474654  0.053306  0.014104  0.078315  0.052847 -0.075071  0.081521  0.051411  0.007219  0.036890  0.000684 -0.012432  0.098238 
 0.001817 -0.008577  0.011890 -0.038558 -0.037609 -0.021978  0.046389  0.059116 -0.001318 -0.027457 -0.073644  0.099209  0.076877  0.010462  0.012047 -0.055468 -0.049501  0.042420 -0.069586  0.010694  0.039888  0.018887 -0.005130 -0.011786 -0.095715 -0.017706  0.024723  0.048728 -0.006346  0.045621 -0.052647  0.077302  0.051235 -0.004045 -0.020783  0.017668  0.012900  0.053306  0.499859  0.030563  0.042034 -0.040428 -0.017644  0.017901 -0.024915 -0.032441  0.057374 -0.028171 -0.001967 -0.015595 
 0.007778  0.049399  0.006025  0.052839 -0.025655  0.057714  0.006381  0.035408 -0.005472  0.034143  0.047081  0.034251  0.001722 -0.073126  0.017180 -0.006351  0.021841 -0.010427  0.030238  0.041294  0.072971  0.031687 -0.031453  0.016291  0.023398  0.020162  0.051607  0.003142  0.003127  0.008533 -0.052902 -0.045349 -0.008360 -0.010355  0.011059 -0.041558  0.066838  0.014104  0.030563  0.426159  0.070082  0.002120 -0.011672 -0.020447  0.031808  0.032524 -0.017697 -0.071825 -0.038421 -0.024800 
 0.055879 -0.050064 -0.013222 -0.013452  0.017724  0.043635  0.067115  0.047031 -0.063850 -0.006973  0.047142 -0.053824  0.020812 -0.052080 -0.077369  0.034583 -0.013269  0.088174 -0.023084  0.044509  0.008330 -0.074953 -0.035672  0.028171 -0.061521 -0.052171  0.028109 -0.050480 -0.062414 -0.033195  0.026839 -0.012327  0.032550 -0.008162  0.046906 -0.014906 -0.017293  0.078315  0.042034  0.070082  0.464833  0.004769 -0.036494 -0.002733 -0.001745  0.035738 -0.006545  0.058446 -0.072566  0.041587 
 0.007734 -0.014998  0.069957  0.008839 -0.013867  0.000556  0.016198  0.011277  0.040604  0.014724  0.058494  0.043108 -0.052108 -0.030939  0.004833  0.023456 -0.016566 -0.029363  0.037045  0.030392 -0.025904 -0.017502 -0.018025 -0.071457  0.069727  0.004652  0.022331  0.064517 -0.031378 -0.029805  0.042757 -0.044572 -0.007482  0.011889 -0.014359  0.044562 -0.020907  0.052847 -0.040428  0.002120  0.004769  0.379142 -0.055779  0.128648  0.037604  0.039700 -0.021659 -0.040691  0.072576  0.044498 
-0.056988 -0.072205  0.031472  0.015283 -0.065582  0.013019  0.032383 -0.033133  0.010859 -0.041788  0.076541  0.019671  0.051662  0.000570  0.028628  0.053870 -0.021944  0.022601  0.033397  0.049044  0.035518  0.056839 -0.031485 -0.001573 -0.043186 -0.002996 -0.044736 -0.052447 -0.002741 -0.001388 -0.027526  0.048887  0.038270  0.022313  0.007562  0.032895  0.022589 -0.075071 -0.017644 -0.011672 -0.036494 -0.055779  0.604177  0.004229 -0.045007  0.028064 -0.039897  0.016405  0.021705  0.012369 
 0.013473 -0.069970 -0.035540  0.027459  0.003420 -0.090914 -0.022010 -0.009161  0.020273  0.054826 -0.010137  0.055765 -0.002191  0.004985 -0.071384 -0.011589 -0.056414 -0.007359 -0.056276 -0.037794 -0.065899 -0.002086 -0.007996  0.043981  0.004727 -0.057940 -0.027297  0.015180 -0.006739 -0.067835  0.056795 -0.065321 -0.017283 -0.000051 -0.059470 -0.005965 -0.048431  0.081521  0.017901 -0.020447 -0.002733  0.128648  0.004229  0.412199  0.054761  0.001924 -0.061608  0.011099 -0.020450 -0.022015 
 0.033714  0.030392 -0.025141 -0.005181 -0.040474 -0.037939  0.011403  0.008597  0.038075 -0.001312 -0.023760 -0.009995 -0.007027  0.076797 -0.027221  0.077035 -0.032637  0.004518  0.030158  0.100389  0.019453 -0.092189 -0.067426 -0.036985  0.032017 -0.006250 -0.002026  0.015022 -0.054680 -0.039986  0.008039  0.081303  0.058213 -0.038272  0.072028  0.037160 -0.011764  0.051411 -0.024915  0.031808 -0.001745  0.037604 -0.045007  0.054761  0.490869  0.018663 -0.042914  0.002012 -0.051690 -0.041281 
-0.054907 -0.039882 -0.002594 -0.031317  0.048484  0.013196 -0.096814 -0.031943 -0.005758  0.068386 -0.029417 -0.082015 -0.008245  0.116281 -0.012096  0.027428  0.030874 -0.021332 -0.030488 -0.054137 -0.022220  0.010091 -0.010591  0.005839  0.012508 -0.023915  0.011788  0.024546  0.038429  0.092729  0.011125  0.032269 -0.058234 -0.025781 -0.019444  0.008742 -0.010880  0.007219 -0.032441  0.032524  0.035738  0.039700  0.028064  0.001924  0.018663  0.572974  0.040957 -0.027470 -0.010917 -0.069417 
 0.008523 -0.000268  0.041314  0.005681 -0.014044 -0.036259  0.004350  0.042180  0.022828 -0.030711 -0.025462 -0.069163 -0.040417 -0.070921  0.036634 -0.038458  0.007898 -0.043062  0.012762  0.001066  0.034493  0.036223  0.007060  0.005624  0.033242 -0.016271 -0.024944 -0.029237 -0.030228 -0.060098 -0.000507 -0.047363 -0.005544 -0.065115 -0.059375  0.036199  0.050834  0.036890  0.057374 -0.017697 -0.006545 -0.021659 -0.039897 -0.061608 -0.042914  0.040957  0.466068  0.009610  0.005865 -0.057561 
 0.022057  0.115962 -0.054084 -0.024831  0.019327 -0.027281 -0.029480  0.015775  0.033621  0.001335 -0.005314 -0.020363 -0.019699 -0.012117  0.010106 -0.041784 -0.032340 -0.063590 -0.086916 -0.001192 -0.020846  0.069652  0.002426 -0.008530 -0.022081  0.013469  0.016308 -0.019476 -0.024139  0.027601 -0.099892 -0.005655  0.062813  0.029044  0.055047 -0.066267  0.025341  0.000684 -0.028171 -0.071825  0.058446 -0.040691  0.016405  0.011099  0.002012 -0.027470  0.009610  0.541656 -0.066945  0.048242 
 0.042347 -0.031146  0.041991  0.026005 -0.008699  0.040230 -0.081277  0.046973 -0.061035  0.099042 -0.054470  0.053203 -0.053967 -0.007448 -0.052746 -0.039576  0.011840 -0.060808 -0.004206  0.047725  0.024980  0.026049  0.002787  0.020607  0.054993 -0.060676  0.003164 -0.031642  0.042216  0.000085 -0.040920  0.010297  0.054485  0.057413 -0.023055 -0.003181 -0.030320 -0.012432 -0.001967 -0.038421 -0.072566  0.072576  0.021705 -0.020450 -0.051690 -0.010917  0.005865 -0.066945  0.541836  0.009448 
-0.093000  0.037903  0.034609 -0.070552  0.016046 -0.002299  0.015134 -0.050254  0.016038  0.040811 -0.062737 -0.077507  0.056146 -0.037792  0.018928 -0.017443  0.021035 -0.033856  0.023722 -0.024137 -0.011822  0.025755 -0.000990  0.003200  0.047101 -0.004122 -0.077834 -0.014096 -0.002251  0.014466 -0.060825  0.049219 -0.102283  0.054030 -0.000082  0.006215 -0.080525  0.098238 -0.015595 -0.024800  0.041587  0.044498  0.012369 -0.022015 -0.041281 -0.069417 -0.057561  0.048242  0.009448  0.628275 
