x=[8 3 7 1]';
y=[4 3 5 1]';
